Хлеб Селянский
192
1
Мука 1 с
7680
2
Дрожжи хлебопекарные
55
3
Соль
165
4
Закваска
749
5
Вода в тесто
4416
6
0
0
7
0
0
8
0
0
9
0
0
10
0
0
11
0
0
12
0
0
13
0
0
14
0
0
15
0
0
16
0
0
Опара ЧУСИК
192
1
Солод 
192
2
Вода в солод
384
3
Мука ржаная
1670
4
Закваска ржаная
1613
5
Дрожжи хлебопекарные
58
6
Вода в опару
1997
7
0
0
8
0
0
9
0
0
10
0
0
11
0
0
12
0
0
13
0
0
14
0
0
15
0
0
16
0
0
Хлеб Чусовкой новый
192
1
Соль
173
2
Сахар
96
3
Дрожжи хлебопекарные
38
4
Мука 1 с
2707
5
Мука 2 сорт
1824
6
Вода ледяная
2112
7
0
0
8
0
0
9
0
0
10
0
0
11
0
0
12
0
0
13
0
0
14
0
0
15
0
0
16
0
0
Пулиш_ржаной
300
1
Мука 1 с
3720
2
Дрожжи хлебопекарные
11
3
Вода ледяная
3720
4
0
0
5
0
0
6
0
0
7
0
0
8
0
0
9
0
0
10
0
0
11
0
0
12
0
0
13
0
0
14
0
0
15
0
0
16
0
0
Пулиш_ржаной
150
1
Мука 1 с
1860
2
Дрожжи хлебопекарные
6
3
Вода ледяная
1860
4
0
0
5
0
0
6
0
0
7
0
0
8
0
0
9
0
0
10
0
0
11
0
0
12
0
0
13
0
0
14
0
0
15
0
0
16
0
0
Закваска для РЖАНОГО
300
1
Закваска основа/ржан
113
2
Мука ржаная
330
3
Вода в закваску
600
4
0
0
5
0
0
6
0
0
7
0
0
8
0
0
9
0
0
10
0
0
11
0
0
12
0
0
13
0
0
14
0
0
15
0
0
16
0
0
Закваска для РЖАНОГО
150
1
Закваска основа/ржан
56
2
Мука ржаная
165
3
Вода в закваску
300
4
0
0
5
0
0
6
0
0
7
0
0
8
0
0
9
0
0
10
0
0
11
0
0
12
0
0
13
0
0
14
0
0
15
0
0
16
0
0
Заварка_ржаной франц
300
1
Мука ржаная
237
2
Солод 
114
3
Кориандр молотый
8
4
СОЛОД белый
4
5
Вода в закваску
840
6
0
0
7
0
0
8
0
0
9
0
0
10
0
0
11
0
0
12
0
0
13
0
0
14
0
0
15
0
0
16
0
0
Заварка_ржаной франц
150
1
Мука ржаная
119
2
Солод 
57
3
Кориандр молотый
4
4
СОЛОД белый
2
5
Вода в закваску
420
6
0
0
7
0
0
8
0
0
9
0
0
10
0
0
11
0
0
12
0
0
13
0
0
14
0
0
15
0
0
16
0
0
Пулиш для БАГЕТА
85
1
Мука 1 с
663
2
Вода ледяная
663
3
Дрожжи хлебопекарные
7
4
0
0
5
0
0
6
0
0
7
0
0
8
0
0
9
0
0
10
0
0
11
0
0
12
0
0
13
0
0
14
0
0
15
0
0
16
0
0
Пулиш_Чиполла
65
1
Мука 1 с
579
2
Вода ледяная
579
3
Дрожжи хлебопекарные
6
4
0
0
5
0
0
6
0
0
7
0
0
8
0
0
9
0
0
10
0
0
11
0
0
12
0
0
13
0
0
14
0
0
15
0
0
16
0
0
ПУЛИШ_ФРАНЦУЗСКИЙ
320
1
Мука 1 с
4672
2
Дрожжи хлебопекарные
11
3
Вода ледяная
4672
4
0
0
5
0
0
6
0
0
7
0
0
8
0
0
9
0
0
10
0
0
11
0
0
12
0
0
13
0
0
14
0
0
15
0
0
16
0
0
Селянский. САДИКИ
142
1
Мука 1 с
7308
2
Соль
144
3
Дрожжи хлебопекарные
54
4
Валетек
36
5
Закваска
665
6
Вода в тесто
4150
7
0
0
8
0
0
9
0
0
10
0
0
11
0
0
12
0
0
13
0
0
14
0
0
15
0
0
16
0
0
Батон Премиум 
228
1
Мука 1 с
6299
2
Соль
102
3
Сахар
107
4
Дрожжи хлебопекарные
165
5
Маргарин
107
6
Закваска
457
7
Вода ледяная
3167
8
0
0
9
0
0
10
0
0
11
0
0
12
0
0
13
0
0
14
0
0
15
0
0
16
0
0
Батончик к чаю
42
1
Мука 1 с
1008
2
Дрожжи хлебопекарные
15
3
Соль
15
4
Сахар
97
5
Маргарин
80
6
Вода ледяная
475
7
0
0
8
0
0
9
0
0
10
0
0
11
0
0
12
0
0
13
0
0
14
0
0
15
0
0
16
0
0
Хлеб "Итальянский"
67
1
Мука 1 с в ОПАРУ
3133
2
Дрожжи хлебопекарные
50
3
Вода в опару
2116
4
0
0
5
0
0
6
0
0
7
0
0
8
0
0
9
0
0
10
0
0
11
0
0
12
0
0
13
0
0
14
0
0
15
0
0
16
0
0
Итальянский мини
103
1
Мука 1 с
1943
2
Соль
87
3
Мажимикс желтый 
10
4
Закваска
349
5
Вода в тесто
687
6
Крупа манная
178
7
0
0
8
0
0
9
0
0
10
0
0
11
0
0
12
0
0
13
0
0
14
0
0
15
0
0
16
0
0
Батон Подмосковный
48
1
Мука 1 с
1190
2
Соль
14
3
Сахар
43
4
Дрожжи хлебопекарные
14
5
Маргарин
34
6
Вода ледяная
643
7
0
0
8
0
0
9
0
0
10
0
0
11
0
0
12
0
0
13
0
0
14
0
0
15
0
0
16
0
0
